# jsonмЧР лПДмЫАлІР мЮИк≥†, hi6 troubleshootмЧР лПДмЫАлІР мЧЖмЭМ, 
10, 11,15,22,32,33,34,44,108,112,113,114,115,117, 119, 122, 127, 133, 134, 140, 165, 223, 224, 
2310, 2320, 2340, 2341, 2342, 2343, 2344, 2345, 2346, 2347, 2348, 2509, 2510, 2511, 2512, 2530, 
2538, 2610, 2611, 2613, 2620, 2621, 2622, 2623, 2624, 2625, 2626, 2690, 2764, 2800, 2830, 2832, 
3000, 3001, 3002, 3003, 3004, 3005, 3006, 3007, 3008, 3009, 3010, 3011, 3012, 3013, 3014, 3015, 
, 3016, 3017, 50101, 50102, 50103, 50104, 50105, 50106, 50107, 50108, 50109, 50110, 
50111, 50112, 50200, 50201, 20205, 50206, 50300, 50301, 50400, 50401, 50402, 51429, 
51431, 51441, 51443, 52042, 52043

# jsonмЧР лПДмЫАлІР мЮИк≥†, hi6 troubleshootмЧР лПДмЫАлІР мЮИмЭМ, 
2,14,43,2200, 2201,2202,2203,2204,2205,2206,2207,2208,2260,2261, 2280, 2281, 2301, 
2450, 2451, 2452, 2453, 2454, 2455, 2459, 2460, 2461, 2462, 2463, 2464, 2470, 2472, 
2500, 2501, 2502, 2503, 2504, 2505, 2506, 2507, 2508, 2520, 2521, 2522, 2541, 2554, 2560, 
2564, 2570, 2630, 2631, 2632, 2633, 2634, 2650, 2651, 2652, 2653, 2670, 2680, 2780, 2781, 
29003, 29016, 64002, 64003, 64035

# jsonмЧР лПДмЫАлІР мЮИк≥†, hi7 troubleshootмЧР лПДмЫАлІР мЧЖмЭМ, 
10, 11, 14, 15, 22, 32, 33, 34, 43, 108, 112, 113, 114, 115, 117, 119, 122, 127, 133, 134
, 140, 165, 223, 224, 2200, 2201, 2202, 2206, 2207, 2208, 2260, 2261, 2280, 2281, 2301
, 2340, 2341, 2342, 2343, 2344, 2345, 2346, 2347, 2348, 2450, 2451, 2452, 2453, 2454
, 2455, 2459, 2460, 2461, 2462, 2463, 2464, 2472, 2509, 2510, 2511, 2512, 2520, 2521
, 2530, 2538, 2554, 2560, 2564, 2570, 2610, 2611, 2612, 2613, 2620, 2621, 2622, 2623, 2624
, 2625, 2626, 2630, 2631, 2632, 2633, 2634, 2630, 2631, 2650, 2651, 2652, 2653, 2690, 2764
, 2780, 2781, 2800, 2830, 2832, 140, 127, 33, 11, 122, 2780, 2781, 64002, 64003, 64035

# jsonмЧР лПДмЫАлІР мЮИк≥†, hi7 troubleshootмЧР лПДмЫАлІР мЮИмЭМ, 
2, 2470, 2472, 2500, 2501, 2502, 2503, 2504, 2505, 2506, 2507, 2508, 2522, 2670, 2680, 29003, 2680, 2506

# hi6 troubleshootмЧР лПДмЫАлІР мЮИлКФлН∞, , jsonмЧР лПДмЫАлІРмЭі мЧЖмЭМ, 
мЮСмД± нХДмЪФ.

# hi7 troubleshootмЧР лПДмЫАлІР мЮИлКФлН∞, , jsonмЧР лПДмЫАлІРмЭі мЧЖмЭМ, 
50113
